{"MEG 0113": [-0.10660000145435333, 0.04639999940991402, -0.06040000170469284, -0.01269999984651804, 0.00570000009611249, -0.9999030232429504, -0.1868010014295578, -0.9824029803276062, -0.0032999999821186066, -0.9823269844055176, 0.18674099445343018, 0.013540999963879585], "MEG 0112": [-0.10660000145435333, 0.04639999940991402, -0.06040000170469284, -0.1868010014295578, -0.9824029803276062, -0.0032999999821186066, 0.01269999984651804, -0.00570000009611249, 0.9999030232429504, -0.9823269844055176, 0.18674099445343018, 0.013540999963879585], "MEG 0111": [-0.10660000145435333, 0.04639999940991402, -0.06040000170469284, -0.01269999984651804, 0.00570000009611249, -0.9999030232429504, -0.1868010014295578, -0.9824029803276062, -0.0032999999821186066, -0.9823269844055176, 0.18674099445343018, 0.013540999963879585], "MEG 0122": [-0.10199999809265137, 0.06310000270605087, -0.025599999353289604, 0.01360000018030405, 0.0010999999940395355, -0.9999020099639893, -0.28200098872184753, -0.9594020247459412, -0.004900000058114529, -0.9593129754066467, 0.28203898668289185, -0.0127379996702075], "MEG 0123": [-0.10199999809265137, 0.06310000270605087, -0.025599999353289604, -0.28200098872184753, -0.9594020247459412, -0.004900000058114529, -0.01360000018030405, -0.0010999999940395355, 0.9999020099639893, -0.9593129754066467, 0.28203898668289185, -0.0127379996702075], "MEG 0121": [-0.10199999809265137, 0.06310000270605087, -0.025599999353289604, 0.01360000018030405, 0.0010999999940395355, -0.9999020099639893, -0.28200098872184753, -0.9594020247459412, -0.004900000058114529, -0.9593129754066467, 0.28203898668289185, -0.0127379996702075], "MEG 0132": [-0.10849999636411667, 0.03020000085234642, -0.026599999517202377, 0.0026000000070780516, 0.002300000051036477, -0.9999549984931946, -0.09519600123167038, -0.9954559803009033, -0.0024999999441206455, -0.9954169988632202, 0.09519799798727036, -0.0023690001107752323], "MEG 0133": [-0.10849999636411667, 0.03020000085234642, -0.026599999517202377, -0.09519600123167038, -0.9954559803009033, -0.0024999999441206455, -0.0026000000070780516, -0.002300000051036477, 0.9999549984931946, -0.9954169988632202, 0.09519799798727036, -0.0023690001107752323], "MEG 0131": [-0.10849999636411667, 0.03020000085234642, -0.026599999517202377, 0.0026000000070780516, 0.002300000051036477, -0.9999549984931946, -0.09519600123167038, -0.9954559803009033, -0.0024999999441206455, -0.9954169988632202, 0.09519799798727036, -0.0023690001107752323], "MEG 0143": [-0.10989999771118164, 0.013100000098347664, -0.06270000338554382, -0.012299999594688416, 0.0017999999690800905, -0.9999229907989502, -0.021199999377131462, -0.9998229742050171, -0.0015999999595806003, -0.9997479915618896, 0.021178999915719032, 0.012335999868810177], "MEG 0142": [-0.10989999771118164, 0.013100000098347664, -0.06270000338554382, -0.021199999377131462, -0.9998229742050171, -0.0015999999595806003, 0.012299999594688416, -0.0017999999690800905, 0.9999229907989502, -0.9997479915618896, 0.021178999915719032, 0.012335999868810177], "MEG 0141": [-0.10989999771118164, 0.013100000098347664, -0.06270000338554382, -0.012299999594688416, 0.0017999999690800905, -0.9999229907989502, -0.021199999377131462, -0.9998229742050171, -0.0015999999595806003, -0.9997479915618896, 0.021178999915719032, 0.012335999868810177], "MEG 0213": [-0.10740000009536743, 0.03290000185370445, 0.00800000037997961, -0.051197998225688934, 0.007699999958276749, -0.9986590147018433, -0.10149600356817245, -0.9947590231895447, -0.0024999999441206455, -0.99344402551651, 0.10123199969530106, 0.05171100050210953], "MEG 0212": [-0.10740000009536743, 0.03290000185370445, 0.00800000037997961, -0.10149600356817245, -0.9947590231895447, -0.0024999999441206455, 0.051197998225688934, -0.007699999958276749, 0.9986590147018433, -0.99344402551651, 0.10123199969530106, 0.05171100050210953], "MEG 0211": [-0.10740000009536743, 0.03290000185370445, 0.00800000037997961, -0.051197998225688934, 0.007699999958276749, -0.9986590147018433, -0.10149600356817245, -0.9947590231895447, -0.0024999999441206455, -0.99344402551651, 0.10123199969530106, 0.05171100050210953], "MEG 0222": [-0.09889999777078629, 0.040300000458955765, 0.04129999876022339, -0.343205988407135, 0.059801001101732254, -0.9374150037765503, -0.1618030071258545, -0.9868159890174866, -0.003700000001117587, -0.9252780079841614, 0.15040600299835205, 0.3483569920063019], "MEG 0223": [-0.09889999777078629, 0.040300000458955765, 0.04129999876022339, -0.1618030071258545, -0.9868159890174866, -0.003700000001117587, 0.343205988407135, -0.059801001101732254, 0.9374150037765503, -0.9252780079841614, 0.15040600299835205, 0.3483569920063019], "MEG 0221": [-0.09889999777078629, 0.040300000458955765, 0.04129999876022339, -0.343205988407135, 0.059801001101732254, -0.9374150037765503, -0.1618030071258545, -0.9868159890174866, -0.003700000001117587, -0.9252780079841614, 0.15040600299835205, 0.3483569920063019], "MEG 0232": [-0.10109999775886536, 0.004399999976158142, 0.040800001472234726, -0.35210299491882324, 0.008700000122189522, -0.9359080195426941, 0.03779999911785126, -0.9990090131759644, -0.023499999195337296, -0.9351850152015686, -0.0436520017683506, 0.3514249920845032], "MEG 0233": [-0.10109999775886536, 0.004399999976158142, 0.040800001472234726, 0.03779999911785126, -0.9990090131759644, -0.023499999195337296, 0.35210299491882324, -0.008700000122189522, 0.9359080195426941, -0.9351850152015686, -0.0436520017683506, 0.3514249920845032], "MEG 0231": [-0.10109999775886536, 0.004399999976158142, 0.040800001472234726, -0.35210299491882324, 0.008700000122189522, -0.9359080195426941, 0.03779999911785126, -0.9990090131759644, -0.023499999195337296, -0.9351850152015686, -0.0436520017683506, 0.3514249920845032], "MEG 0243": [-0.10830000042915344, -0.0010999999940395355, 0.0071000000461936, -0.06719899922609329, -0.010400000028312206, -0.9976850152015686, 0.08499900251626968, -0.9963859915733337, 0.004699999932199717, -0.9941279888153076, -0.08448600023984909, 0.06784000247716904], "MEG 0242": [-0.10830000042915344, -0.0010999999940395355, 0.0071000000461936, 0.08499900251626968, -0.9963859915733337, 0.004699999932199717, 0.06719899922609329, 0.010400000028312206, 0.9976850152015686, -0.9941279888153076, -0.08448600023984909, 0.06784000247716904], "MEG 0241": [-0.10830000042915344, -0.0010999999940395355, 0.0071000000461936, -0.06719899922609329, -0.010400000028312206, -0.9976850152015686, 0.08499900251626968, -0.9963859915733337, 0.004699999932199717, -0.9941279888153076, -0.08448600023984909, 0.06784000247716904], "MEG 0313": [-0.08609999716281891, 0.09880000352859497, 0.008999999612569809, -0.03519900143146515, 0.11819600313901901, -0.9923660159111023, -0.4835839867591858, -0.8709700107574463, -0.0865970030426979, -0.8745570182800293, 0.47684401273727417, 0.08781500160694122], "MEG 0312": [-0.08609999716281891, 0.09880000352859497, 0.008999999612569809, -0.4835839867591858, -0.8709700107574463, -0.0865970030426979, 0.03519900143146515, -0.11819600313901901, 0.9923660159111023, -0.8745570182800293, 0.47684401273727417, 0.08781500160694122], "MEG 0311": [-0.08609999716281891, 0.09880000352859497, 0.008999999612569809, -0.03519900143146515, 0.11819600313901901, -0.9923660159111023, -0.4835839867591858, -0.8709700107574463, -0.0865970030426979, -0.8745570182800293, 0.47684401273727417, 0.08781500160694122], "MEG 0322": [-0.08869999647140503, 0.07569999992847443, 0.041200000792741776, -0.3515940010547638, 0.11889799684286118, -0.9285839796066284, -0.3709940016269684, -0.928384006023407, 0.02160000056028366, -0.8595150113105774, 0.35209301114082336, 0.3705250024795532], "MEG 0323": [-0.08869999647140503, 0.07569999992847443, 0.041200000792741776, -0.3709940016269684, -0.928384006023407, 0.02160000056028366, 0.3515940010547638, -0.11889799684286118, 0.9285839796066284, -0.8595150113105774, 0.35209301114082336, 0.3705250024795532], "MEG 0321": [-0.08869999647140503, 0.07569999992847443, 0.041200000792741776, -0.3515940010547638, 0.11889799684286118, -0.9285839796066284, -0.3709940016269684, -0.928384006023407, 0.02160000056028366, -0.8595150113105774, 0.35209301114082336, 0.3705250024795532], "MEG 0333": [-0.07020000368356705, 0.07580000162124634, 0.07069999724626541, -0.5942400097846985, 0.22881600260734558, -0.7710520029067993, -0.3857260048389435, -0.9223629832267761, 0.02350199967622757, -0.7058119773864746, 0.3113810122013092, 0.6363649964332581], "MEG 0332": [-0.07020000368356705, 0.07580000162124634, 0.07069999724626541, -0.3857260048389435, -0.9223629832267761, 0.02350199967622757, 0.5942400097846985, -0.22881600260734558, 0.7710520029067993, -0.7058119773864746, 0.3113810122013092, 0.6363649964332581], "MEG 0331": [-0.07020000368356705, 0.07580000162124634, 0.07069999724626541, -0.5942400097846985, 0.22881600260734558, -0.7710520029067993, -0.3857260048389435, -0.9223629832267761, 0.02350199967622757, -0.7058119773864746, 0.3113810122013092, 0.6363649964332581], "MEG 0343": [-0.10029999911785126, 0.06589999794960022, 0.008100000210106373, -0.06580200046300888, 0.02470099925994873, -0.997527003288269, -0.2883079946041107, -0.9575260281562805, -0.004699999932199717, -0.9552739858627319, 0.28728601336479187, 0.07012800127267838], "MEG 0342": [-0.10029999911785126, 0.06589999794960022, 0.008100000210106373, -0.2883079946041107, -0.9575260281562805, -0.004699999932199717, 0.06580200046300888, -0.02470099925994873, 0.997527003288269, -0.9552739858627319, 0.28728601336479187, 0.07012800127267838], "MEG 0341": [-0.10029999911785126, 0.06589999794960022, 0.008100000210106373, -0.06580200046300888, 0.02470099925994873, -0.997527003288269, -0.2883079946041107, -0.9575260281562805, -0.004699999932199717, -0.9552739858627319, 0.28728601336479187, 0.07012800127267838], "MEG 0413": [-0.08079999685287476, 0.04129999876022339, 0.07199999690055847, -0.6421260237693787, 0.04900199919939041, -0.7650309801101685, -0.13570599257946014, -0.9895399808883667, 0.050501998513936996, -0.7545549869537354, 0.13624800741672516, 0.6420599818229675], "MEG 0412": [-0.08079999685287476, 0.04129999876022339, 0.07199999690055847, -0.13570599257946014, -0.9895399808883667, 0.050501998513936996, 0.6421260237693787, -0.04900199919939041, 0.7650309801101685, -0.7545549869537354, 0.13624800741672516, 0.6420599818229675], "MEG 0411": [-0.08079999685287476, 0.04129999876022339, 0.07199999690055847, -0.6421260237693787, 0.04900199919939041, -0.7650309801101685, -0.13570599257946014, -0.9895399808883667, 0.050501998513936996, -0.7545549869537354, 0.13624800741672516, 0.6420599818229675], "MEG 0422": [-0.05260000005364418, 0.0406000018119812, 0.09520000219345093, -0.874970018863678, -0.01969899982213974, -0.4837830066680908, -0.0549979992210865, -0.9886659979820251, 0.13969500362873077, -0.4810520112514496, 0.14883600175380707, 0.8639699816703796], "MEG 0423": [-0.05260000005364418, 0.0406000018119812, 0.09520000219345093, -0.0549979992210865, -0.9886659979820251, 0.13969500362873077, 0.874970018863678, 0.01969899982213974, 0.4837830066680908, -0.4810520112514496, 0.14883600175380707, 0.8639699816703796], "MEG 0421": [-0.05260000005364418, 0.0406000018119812, 0.09520000219345093, -0.874970018863678, -0.01969899982213974, -0.4837830066680908, -0.0549979992210865, -0.9886659979820251, 0.13969500362873077, -0.4810520112514496, 0.14883600175380707, 0.8639699816703796], "MEG 0432": [-0.053700000047683716, 0.005900000222027302, 0.09690000116825104, -0.8702669739723206, -0.017798999324440956, -0.4920809864997864, 0.028999000787734985, -0.9994620084762573, -0.015298999845981598, -0.4915449917316437, -0.027583999559283257, 0.8703150153160095], "MEG 0433": [-0.053700000047683716, 0.005900000222027302, 0.09690000116825104, 0.028999000787734985, -0.9994620084762573, -0.015298999845981598, 0.8702669739723206, 0.017798999324440956, 0.4920809864997864, -0.4915449917316437, -0.027583999559283257, 0.8703150153160095], "MEG 0431": [-0.053700000047683716, 0.005900000222027302, 0.09690000116825104, -0.8702669739723206, -0.017798999324440956, -0.4920809864997864, 0.028999000787734985, -0.9994620084762573, -0.015298999845981598, -0.4915449917316437, -0.027583999559283257, 0.8703150153160095], "MEG 0443": [-0.08290000259876251, 0.006200000178068876, 0.07280000299215317, -0.6473159790039062, 0.002099999925121665, -0.7622190117835999, 0.04320099949836731, -0.998324990272522, -0.03940099850296974, -0.7610250115394592, -0.05843399837613106, 0.646140992641449], "MEG 0442": [-0.08290000259876251, 0.006200000178068876, 0.07280000299215317, 0.04320099949836731, -0.998324990272522, -0.03940099850296974, 0.6473159790039062, -0.002099999925121665, 0.7622190117835999, -0.7610250115394592, -0.05843399837613106, 0.646140992641449], "MEG 0441": [-0.08290000259876251, 0.006200000178068876, 0.07280000299215317, -0.6473159790039062, 0.002099999925121665, -0.7622190117835999, 0.04320099949836731, -0.998324990272522, -0.03940099850296974, -0.7610250115394592, -0.05843399837613106, 0.646140992641449], "MEG 0513": [-0.06369999796152115, 0.12540000677108765, 0.01360000018030405, 0.01940000057220459, 0.21690000593662262, -0.9760010242462158, -0.7835010290145874, -0.6030009984970093, -0.14959999918937683, -0.620976984500885, 0.7675999999046326, 0.15824300050735474], "MEG 0512": [-0.06369999796152115, 0.12540000677108765, 0.01360000018030405, -0.7835010290145874, -0.6030009984970093, -0.14959999918937683, -0.01940000057220459, -0.21690000593662262, 0.9760010242462158, -0.620976984500885, 0.7675999999046326, 0.15824300050735474], "MEG 0511": [-0.06369999796152115, 0.12540000677108765, 0.01360000018030405, 0.01940000057220459, 0.21690000593662262, -0.9760010242462158, -0.7835010290145874, -0.6030009984970093, -0.14959999918937683, -0.620976984500885, 0.7675999999046326, 0.15824300050735474], "MEG 0523": [-0.03319999948143959, 0.1396999955177307, 0.017400000244379044, 0.010599999688565731, 0.21870699524879456, -0.9757329821586609, -0.9570320248603821, -0.28070899844169617, -0.0733020007610321, -0.28992900252342224, 0.9345849752426147, 0.20633399486541748], "MEG 0522": [-0.03319999948143959, 0.1396999955177307, 0.017400000244379044, -0.9570320248603821, -0.28070899844169617, -0.0733020007610321, -0.010599999688565731, -0.21870699524879456, 0.9757329821586609, -0.28992900252342224, 0.9345849752426147, 0.20633399486541748], "MEG 0521": [-0.03319999948143959, 0.1396999955177307, 0.017400000244379044, 0.010599999688565731, 0.21870699524879456, -0.9757329821586609, -0.9570320248603821, -0.28070899844169617, -0.0733020007610321, -0.28992900252342224, 0.9345849752426147, 0.20633399486541748], "MEG 0532": [-0.03370000049471855, 0.1273999959230423, 0.048500001430511475, -0.052299000322818756, 0.4700919985771179, -0.8810840249061584, -0.9621829986572266, -0.259894996881485, -0.08159899711608887, -0.2673490047454834, 0.8434969782829285, 0.4659070074558258], "MEG 0533": [-0.03370000049471855, 0.1273999959230423, 0.048500001430511475, -0.9621829986572266, -0.259894996881485, -0.08159899711608887, 0.052299000322818756, -0.4700919985771179, 0.8810840249061584, -0.2673490047454834, 0.8434969782829285, 0.4659070074558258], "MEG 0531": [-0.03370000049471855, 0.1273999959230423, 0.048500001430511475, -0.052299000322818756, 0.4700919985771179, -0.8810840249061584, -0.9621829986572266, -0.259894996881485, -0.08159899711608887, -0.2673490047454834, 0.8434969782829285, 0.4659070074558258], "MEG 0542": [-0.06719999760389328, 0.10890000313520432, 0.04430000111460686, -0.17119100689888, 0.3777799904346466, -0.9098520278930664, -0.7099630236625671, -0.6876639723777771, -0.15189200639724731, -0.6830549836158752, 0.6199589967727661, 0.38593199849128723], "MEG 0543": [-0.06719999760389328, 0.10890000313520432, 0.04430000111460686, -0.7099630236625671, -0.6876639723777771, -0.15189200639724731, 0.17119100689888, -0.3777799904346466, 0.9098520278930664, -0.6830549836158752, 0.6199589967727661, 0.38593199849128723], "MEG 0541": [-0.06719999760389328, 0.10890000313520432, 0.04430000111460686, -0.17119100689888, 0.3777799904346466, -0.9098520278930664, -0.7099630236625671, -0.6876639723777771, -0.15189200639724731, -0.6830549836158752, 0.6199589967727661, 0.38593199849128723], "MEG 0613": [-0.03579999879002571, 0.10480000078678131, 0.07500000298023224, -0.009499999694526196, 0.7708029747009277, -0.6370030045509338, -0.9546040296554565, -0.196601003408432, -0.22370100021362305, -0.297664999961853, 0.6059600114822388, 0.7376790046691895], "MEG 0612": [-0.03579999879002571, 0.10480000078678131, 0.07500000298023224, -0.9546040296554565, -0.196601003408432, -0.22370100021362305, 0.009499999694526196, -0.7708029747009277, 0.6370030045509338, -0.297664999961853, 0.6059600114822388, 0.7376790046691895], "MEG 0611": [-0.03579999879002571, 0.10480000078678131, 0.07500000298023224, -0.009499999694526196, 0.7708029747009277, -0.6370030045509338, -0.9546040296554565, -0.196601003408432, -0.22370100021362305, -0.297664999961853, 0.6059600114822388, 0.7376790046691895], "MEG 0622": [9.999999747378752e-05, 0.07750000059604645, 0.09669999778270721, 0.00019999999494757503, 0.9176999926567078, -0.39739999175071716, -1.0, 0.00039999998989515007, 0.00019999999494757503, 0.0003420000139158219, 0.39739999175071716, 0.9176999926567078], "MEG 0623": [9.999999747378752e-05, 0.07750000059604645, 0.09669999778270721, -1.0, 0.00039999998989515007, 0.00019999999494757503, -0.00019999999494757503, -0.9176999926567078, 0.39739999175071716, 0.0003420000139158219, 0.39739999175071716, 0.9176999926567078], "MEG 0621": [9.999999747378752e-05, 0.07750000059604645, 0.09669999778270721, 0.00019999999494757503, 0.9176999926567078, -0.39739999175071716, -1.0, 0.00039999998989515007, 0.00019999999494757503, 0.0003420000139158219, 0.39739999175071716, 0.9176999926567078], "MEG 0633": [-0.018400000408291817, 0.04399999976158142, 0.1062999963760376, 0.0066999997943639755, 0.983663022518158, -0.17989300191402435, -0.9900630116462708, -0.018598999828100204, -0.1390949934720993, -0.1401679962873459, 0.17903800308704376, 0.9737640023231506], "MEG 0632": [-0.018400000408291817, 0.04399999976158142, 0.1062999963760376, -0.9900630116462708, -0.018598999828100204, -0.1390949934720993, -0.0066999997943639755, -0.983663022518158, 0.17989300191402435, -0.1401679962873459, 0.17903800308704376, 0.9737640023231506], "MEG 0631": [-0.018400000408291817, 0.04399999976158142, 0.1062999963760376, 0.0066999997943639755, 0.983663022518158, -0.17989300191402435, -0.9900630116462708, -0.018598999828100204, -0.1390949934720993, -0.1401679962873459, 0.17903800308704376, 0.9737640023231506], "MEG 0642": [-0.03680000081658363, 0.07530000060796738, 0.09220000356435776, -0.025098999962210655, 0.8964589834213257, -0.44238001108169556, -0.9508569836616516, -0.15799300372600555, -0.26628801226615906, -0.3086090087890625, 0.41395699977874756, 0.8563699722290039], "MEG 0643": [-0.03680000081658363, 0.07530000060796738, 0.09220000356435776, -0.9508569836616516, -0.15799300372600555, -0.26628801226615906, 0.025098999962210655, -0.8964589834213257, 0.44238001108169556, -0.3086090087890625, 0.41395699977874756, 0.8563699722290039], "MEG 0641": [-0.03680000081658363, 0.07530000060796738, 0.09220000356435776, -0.025098999962210655, 0.8964589834213257, -0.44238001108169556, -0.9508569836616516, -0.15799300372600555, -0.26628801226615906, -0.3086090087890625, 0.41395699977874756, 0.8563699722290039], "MEG 0713": [-0.01850000023841858, 0.010499999858438969, 0.1096000000834465, -0.9900079965591431, -0.012000000104308128, -0.140501007437706, 0.013700000010430813, -0.9998080134391785, -0.01140000019222498, -0.1403370052576065, -0.01321099977940321, 0.989982008934021], "MEG 0712": [-0.01850000023841858, 0.010499999858438969, 0.1096000000834465, 0.013700000010430813, -0.9998080134391785, -0.01140000019222498, 0.9900079965591431, 0.012000000104308128, 0.140501007437706, -0.1403370052576065, -0.01321099977940321, 0.989982008934021], "MEG 0711": [-0.01850000023841858, 0.010499999858438969, 0.1096000000834465, -0.9900079965591431, -0.012000000104308128, -0.140501007437706, 0.013700000010430813, -0.9998080134391785, -0.01140000019222498, -0.1403370052576065, -0.01321099977940321, 0.989982008934021], "MEG 0723": [0.01860000006854534, 0.010499999858438969, 0.1096000000834465, 0.988752007484436, -0.007199999876320362, -0.1493930071592331, 0.0010999999940395355, 0.9991509914398193, -0.04079800099134445, 0.14956000447273254, 0.040174998342990875, 0.9879209995269775], "MEG 0722": [0.01860000006854534, 0.010499999858438969, 0.1096000000834465, 0.0010999999940395355, 0.9991509914398193, -0.04079800099134445, -0.988752007484436, 0.007199999876320362, 0.1493930071592331, 0.14956000447273254, 0.040174998342990875, 0.9879209995269775], "MEG 0721": [0.01860000006854534, 0.010499999858438969, 0.1096000000834465, 0.988752007484436, -0.007199999876320362, -0.1493930071592331, 0.0010999999940395355, 0.9991509914398193, -0.04079800099134445, 0.14956000447273254, 0.040174998342990875, 0.9879209995269775], "MEG 0733": [0.01860000006854534, -0.02329999953508377, 0.10589999705553055, -0.03660000115633011, -0.9703050255775452, -0.23910099267959595, 0.9872050285339355, 0.002099999925121665, -0.15970100462436676, 0.15546099841594696, -0.24188700318336487, 0.9578120112419128], "MEG 0732": [0.01860000006854534, -0.02329999953508377, 0.10589999705553055, 0.9872050285339355, 0.002099999925121665, -0.15970100462436676, 0.03660000115633011, 0.9703050255775452, 0.23910099267959595, 0.15546099841594696, -0.24188700318336487, 0.9578120112419128], "MEG 0731": [0.01860000006854534, -0.02329999953508377, 0.10589999705553055, -0.03660000115633011, -0.9703050255775452, -0.23910099267959595, 0.9872050285339355, 0.002099999925121665, -0.15970100462436676, 0.15546099841594696, -0.24188700318336487, 0.9578120112419128], "MEG 0743": [-0.01850000023841858, -0.02370000071823597, 0.10580000281333923, 0.03939799964427948, -0.9697530269622803, -0.24088799953460693, 0.992851972579956, 0.010799000039696693, 0.11859399825334549, -0.11240600049495697, -0.24383899569511414, 0.9632459878921509], "MEG 0742": [-0.01850000023841858, -0.02370000071823597, 0.10580000281333923, 0.992851972579956, 0.010799000039696693, 0.11859399825334549, -0.03939799964427948, 0.9697530269622803, 0.24088799953460693, -0.11240600049495697, -0.24383899569511414, 0.9632459878921509], "MEG 0741": [-0.01850000023841858, -0.02370000071823597, 0.10580000281333923, 0.03939799964427948, -0.9697530269622803, -0.24088799953460693, 0.992851972579956, 0.010799000039696693, 0.11859399825334549, -0.11240600049495697, -0.24383899569511414, 0.9632459878921509], "MEG 0813": [9.999999747378752e-05, 0.1445000022649765, 0.018699999898672104, -0.0003000000142492354, 0.2517009973526001, -0.967805027961731, -0.999904990196228, -0.01209999993443489, -0.00279999990016222, -0.01241500023752451, 0.9677119851112366, 0.25168099999427795], "MEG 0812": [9.999999747378752e-05, 0.1445000022649765, 0.018699999898672104, -0.999904990196228, -0.01209999993443489, -0.00279999990016222, 0.0003000000142492354, -0.2517009973526001, 0.967805027961731, -0.01241500023752451, 0.9677119851112366, 0.25168099999427795], "MEG 0811": [9.999999747378752e-05, 0.1445000022649765, 0.018699999898672104, -0.0003000000142492354, 0.2517009973526001, -0.967805027961731, -0.999904990196228, -0.01209999993443489, -0.00279999990016222, -0.01241500023752451, 0.9677119851112366, 0.25168099999427795], "MEG 0822": [9.999999747378752e-05, 0.1316000074148178, 0.05000000074505806, 0.000699999975040555, 0.4991999864578247, -0.8665000200271606, -1.0, 0.0008999999845400453, -0.00019999999494757503, 0.0006799999973736703, 0.8665000200271606, 0.4991999864578247], "MEG 0823": [9.999999747378752e-05, 0.1316000074148178, 0.05000000074505806, -1.0, 0.0008999999845400453, -0.00019999999494757503, -0.000699999975040555, -0.4991999864578247, 0.8665000200271606, 0.0006799999973736703, 0.8665000200271606, 0.4991999864578247], "MEG 0821": [9.999999747378752e-05, 0.1316000074148178, 0.05000000074505806, 0.000699999975040555, 0.4991999864578247, -0.8665000200271606, -1.0, 0.0008999999845400453, -0.00019999999494757503, 0.0006799999973736703, 0.8665000200271606, 0.4991999864578247], "MEG 0913": [0.03310000151395798, 0.1396999955177307, 0.01730000041425228, -0.0052999998442828655, 0.23650400340557098, -0.9716160297393799, -0.9647160172462463, 0.25480398535728455, 0.06730099767446518, 0.2634890079498291, 0.937690019607544, 0.22680899500846863], "MEG 0912": [0.03310000151395798, 0.1396999955177307, 0.01730000041425228, -0.9647160172462463, 0.25480398535728455, 0.06730099767446518, 0.0052999998442828655, -0.23650400340557098, 0.9716160297393799, 0.2634890079498291, 0.937690019607544, 0.22680899500846863], "MEG 0911": [0.03310000151395798, 0.1396999955177307, 0.01730000041425228, -0.0052999998442828655, 0.23650400340557098, -0.9716160297393799, -0.9647160172462463, 0.25480398535728455, 0.06730099767446518, 0.2634890079498291, 0.937690019607544, 0.22680899500846863], "MEG 0923": [0.06379999965429306, 0.12530000507831573, 0.013500000350177288, -0.022801000624895096, 0.21690599620342255, -0.9759259819984436, -0.7924209833145142, 0.5913159847259521, 0.15000399947166443, 0.6096169948577881, 0.776764988899231, 0.15839800238609314], "MEG 0922": [0.06379999965429306, 0.12530000507831573, 0.013500000350177288, -0.7924209833145142, 0.5913159847259521, 0.15000399947166443, 0.022801000624895096, -0.21690599620342255, 0.9759259819984436, 0.6096169948577881, 0.776764988899231, 0.15839800238609314], "MEG 0921": [0.06379999965429306, 0.12530000507831573, 0.013500000350177288, -0.022801000624895096, 0.21690599620342255, -0.9759259819984436, -0.7924209833145142, 0.5913159847259521, 0.15000399947166443, 0.6096169948577881, 0.776764988899231, 0.15839800238609314], "MEG 0932": [0.06710000336170197, 0.1088000014424324, 0.04439999908208847, 0.17431099712848663, 0.37642401456832886, -0.909958004951477, -0.7096449732780457, 0.6886439919471741, 0.14890900254249573, 0.6826900243759155, 0.6197900176048279, 0.38716500997543335], "MEG 0933": [0.06710000336170197, 0.1088000014424324, 0.04439999908208847, -0.7096449732780457, 0.6886439919471741, 0.14890900254249573, -0.17431099712848663, -0.37642401456832886, 0.909958004951477, 0.6826900243759155, 0.6197900176048279, 0.38716500997543335], "MEG 0931": [0.06710000336170197, 0.1088000014424324, 0.04439999908208847, 0.17431099712848663, 0.37642401456832886, -0.909958004951477, -0.7096449732780457, 0.6886439919471741, 0.14890900254249573, 0.6826900243759155, 0.6197900176048279, 0.38716500997543335], "MEG 0942": [0.033799998462200165, 0.12729999423027039, 0.04859999939799309, 0.055601999163627625, 0.4689140021800995, -0.8815270066261292, -0.961529016494751, 0.2630079984664917, 0.07930199801921844, 0.2690350115299225, 0.8432040214538574, 0.4654980003833771], "MEG 0943": [0.033799998462200165, 0.12729999423027039, 0.04859999939799309, -0.961529016494751, 0.2630079984664917, 0.07930199801921844, -0.055601999163627625, -0.4689140021800995, 0.8815270066261292, 0.2690350115299225, 0.8432040214538574, 0.4654980003833771], "MEG 0941": [0.033799998462200165, 0.12729999423027039, 0.04859999939799309, 0.055601999163627625, 0.4689140021800995, -0.8815270066261292, -0.961529016494751, 0.2630079984664917, 0.07930199801921844, 0.2690350115299225, 0.8432040214538574, 0.4654980003833771], "MEG 1013": [9.999999747378752e-05, 0.10930000245571136, 0.0771000012755394, 0.0008999999845400453, 0.7593200206756592, -0.65071702003479, -0.9998260140419006, -0.013799999840557575, -0.017400000244379044, -0.022192999720573425, 0.6506199836730957, 0.7591750025749207], "MEG 1012": [9.999999747378752e-05, 0.10930000245571136, 0.0771000012755394, -0.9998260140419006, -0.013799999840557575, -0.017400000244379044, -0.0008999999845400453, -0.7593200206756592, 0.65071702003479, -0.022192999720573425, 0.6506199836730957, 0.7591750025749207], "MEG 1011": [9.999999747378752e-05, 0.10930000245571136, 0.0771000012755394, 0.0008999999845400453, 0.7593200206756592, -0.65071702003479, -0.9998260140419006, -0.013799999840557575, -0.017400000244379044, -0.022192999720573425, 0.6506199836730957, 0.7591750025749207], "MEG 1023": [0.03579999879002571, 0.10480000078678131, 0.07500000298023224, 0.006800000090152025, 0.768235981464386, -0.6401299834251404, -0.9640460014343262, 0.1753080040216446, 0.20010900497436523, 0.265951007604599, 0.6157540082931519, 0.7418069839477539], "MEG 1022": [0.03579999879002571, 0.10480000078678131, 0.07500000298023224, -0.9640460014343262, 0.1753080040216446, 0.20010900497436523, -0.006800000090152025, -0.768235981464386, 0.6401299834251404, 0.265951007604599, 0.6157540082931519, 0.7418069839477539], "MEG 1021": [0.03579999879002571, 0.10480000078678131, 0.07500000298023224, 0.006800000090152025, 0.768235981464386, -0.6401299834251404, -0.9640460014343262, 0.1753080040216446, 0.20010900497436523, 0.265951007604599, 0.6157540082931519, 0.7418069839477539], "MEG 1032": [0.03680000081658363, 0.07519999891519547, 0.09229999780654907, 0.02919900044798851, 0.895982027053833, -0.4429909884929657, -0.950980007648468, 0.16139699518680573, 0.26379498839378357, 0.30785199999809265, 0.4135729968547821, 0.8567739725112915], "MEG 1033": [0.03680000081658363, 0.07519999891519547, 0.09229999780654907, -0.950980007648468, 0.16139699518680573, 0.26379498839378357, -0.02919900044798851, -0.895982027053833, 0.4429909884929657, 0.30785199999809265, 0.4135729968547821, 0.8567739725112915], "MEG 1031": [0.03680000081658363, 0.07519999891519547, 0.09229999780654907, 0.02919900044798851, 0.895982027053833, -0.4429909884929657, -0.950980007648468, 0.16139699518680573, 0.26379498839378357, 0.30785199999809265, 0.4135729968547821, 0.8567739725112915], "MEG 1043": [0.018400000408291817, 0.044199999421834946, 0.10620000213384628, -0.013698999769985676, 0.9796609878540039, -0.20019200444221497, -0.9931600093841553, 0.00989999994635582, 0.1163949966430664, 0.11601000279188156, 0.20041699707508087, 0.9728249907493591], "MEG 1042": [0.018400000408291817, 0.044199999421834946, 0.10620000213384628, -0.9931600093841553, 0.00989999994635582, 0.1163949966430664, 0.013698999769985676, -0.9796609878540039, 0.20019200444221497, 0.11601000279188156, 0.20041699707508087, 0.9728249907493591], "MEG 1041": [0.018400000408291817, 0.044199999421834946, 0.10620000213384628, -0.013698999769985676, 0.9796609878540039, -0.20019200444221497, -0.9931600093841553, 0.00989999994635582, 0.1163949966430664, 0.11601000279188156, 0.20041699707508087, 0.9728249907493591], "MEG 1112": [0.05249999836087227, 0.0406000018119812, 0.09529999643564224, 0.8757609724998474, -0.01759899966418743, -0.4823789894580841, -0.056398000568151474, 0.988756000995636, -0.13849399983882904, 0.47939199209213257, 0.14849300682544708, 0.8649219870567322], "MEG 1113": [0.05249999836087227, 0.0406000018119812, 0.09529999643564224, -0.056398000568151474, 0.988756000995636, -0.13849399983882904, -0.8757609724998474, 0.01759899966418743, 0.4823789894580841, 0.47939199209213257, 0.14849300682544708, 0.8649219870567322], "MEG 1111": [0.05249999836087227, 0.0406000018119812, 0.09529999643564224, 0.8757609724998474, -0.01759899966418743, -0.4823789894580841, -0.056398000568151474, 0.988756000995636, -0.13849399983882904, 0.47939199209213257, 0.14849300682544708, 0.8649219870567322], "MEG 1123": [0.08089999854564667, 0.04129999876022339, 0.07209999859333038, 0.643867015838623, 0.05209700018167496, -0.7633609771728516, -0.17179100215435028, 0.9819499850273132, -0.07789599895477295, 0.7455250024795532, 0.18129399418830872, 0.6411960124969482], "MEG 1122": [0.08089999854564667, 0.04129999876022339, 0.07209999859333038, -0.17179100215435028, 0.9819499850273132, -0.07789599895477295, -0.643867015838623, -0.05209700018167496, 0.7633609771728516, 0.7455250024795532, 0.18129399418830872, 0.6411960124969482], "MEG 1121": [0.08089999854564667, 0.04129999876022339, 0.07209999859333038, 0.643867015838623, 0.05209700018167496, -0.7633609771728516, -0.17179100215435028, 0.9819499850273132, -0.07789599895477295, 0.7455250024795532, 0.18129399418830872, 0.6411960124969482], "MEG 1133": [0.0828000009059906, 0.006099999882280827, 0.07280000299215317, 0.6453139781951904, 0.0006000000284984708, -0.7639170289039612, 0.011099999770522118, 0.999921977519989, 0.010200000368058681, 0.7638639807701111, -0.015061999671161175, 0.6452569961547852], "MEG 1132": [0.0828000009059906, 0.006099999882280827, 0.07280000299215317, 0.011099999770522118, 0.999921977519989, 0.010200000368058681, -0.6453139781951904, -0.0006000000284984708, 0.7639170289039612, 0.7638639807701111, -0.015061999671161175, 0.6452569961547852], "MEG 1131": [0.0828000009059906, 0.006099999882280827, 0.07280000299215317, 0.6453139781951904, 0.0006000000284984708, -0.7639170289039612, 0.011099999770522118, 0.999921977519989, 0.010200000368058681, 0.7638639807701111, -0.015061999671161175, 0.6452569961547852], "MEG 1142": [0.05350000038743019, 0.006200000178068876, 0.09700000286102295, 0.8712949752807617, -0.018300000578165054, -0.49039700627326965, 0.028699999675154686, 0.9994940161705017, 0.013700000010430813, 0.4898979961872101, -0.026010999456048012, 0.871379017829895], "MEG 1143": [0.05350000038743019, 0.006200000178068876, 0.09700000286102295, 0.028699999675154686, 0.9994940161705017, 0.013700000010430813, -0.8712949752807617, 0.018300000578165054, 0.49039700627326965, 0.4898979961872101, -0.026010999456048012, 0.871379017829895], "MEG 1141": [0.05350000038743019, 0.006200000178068876, 0.09700000286102295, 0.8712949752807617, -0.018300000578165054, -0.49039700627326965, 0.028699999675154686, 0.9994940161705017, 0.013700000010430813, 0.4898979961872101, -0.026010999456048012, 0.871379017829895], "MEG 1213": [0.08619999885559082, 0.09860000014305115, 0.008899999782443047, 0.046900998800992966, 0.12040200084447861, -0.9916170239448547, -0.5020080208778381, 0.8611149787902832, 0.08080100268125534, 0.8636239767074585, 0.49401000142097473, 0.10083000361919403], "MEG 1212": [0.08619999885559082, 0.09860000014305115, 0.008899999782443047, -0.5020080208778381, 0.8611149787902832, 0.08080100268125534, -0.046900998800992966, -0.12040200084447861, 0.9916170239448547, 0.8636239767074585, 0.49401000142097473, 0.10083000361919403], "MEG 1211": [0.08619999885559082, 0.09860000014305115, 0.008899999782443047, 0.046900998800992966, 0.12040200084447861, -0.9916170239448547, -0.5020080208778381, 0.8611149787902832, 0.08080100268125534, 0.8636239767074585, 0.49401000142097473, 0.10083000361919403], "MEG 1223": [0.10029999911785126, 0.06599999964237213, 0.008200000040233135, 0.06740300357341766, 0.027600999921560287, -0.9973440170288086, -0.3155139982700348, 0.9489420056343079, 0.004999999888241291, 0.9465590119361877, 0.3143390119075775, 0.07266999781131744], "MEG 1222": [0.10029999911785126, 0.06599999964237213, 0.008200000040233135, -0.3155139982700348, 0.9489420056343079, 0.004999999888241291, -0.06740300357341766, -0.027600999921560287, 0.9973440170288086, 0.9465590119361877, 0.3143390119075775, 0.07266999781131744], "MEG 1221": [0.10029999911785126, 0.06599999964237213, 0.008200000040233135, 0.06740300357341766, 0.027600999921560287, -0.9973440170288086, -0.3155139982700348, 0.9489420056343079, 0.004999999888241291, 0.9465590119361877, 0.3143390119075775, 0.07266999781131744], "MEG 1232": [0.08869999647140503, 0.07569999992847443, 0.041200000792741776, 0.35179999470710754, 0.11900000274181366, -0.9284989833831787, -0.37119999527931213, 0.9282990097999573, -0.021700000390410423, 0.8593429923057556, 0.3522930145263672, 0.37074801325798035], "MEG 1233": [0.08869999647140503, 0.07569999992847443, 0.041200000792741776, -0.37119999527931213, 0.9282990097999573, -0.021700000390410423, -0.35179999470710754, -0.11900000274181366, 0.9284989833831787, 0.8593429923057556, 0.3522930145263672, 0.37074801325798035], "MEG 1231": [0.08869999647140503, 0.07569999992847443, 0.041200000792741776, 0.35179999470710754, 0.11900000274181366, -0.9284989833831787, -0.37119999527931213, 0.9282990097999573, -0.021700000390410423, 0.8593429923057556, 0.3522930145263672, 0.37074801325798035], "MEG 1243": [0.06989999860525131, 0.07580000162124634, 0.07090000063180923, 0.612621009349823, 0.23820799589157104, -0.7536259889602661, -0.42581498622894287, 0.9028310179710388, -0.06070199981331825, 0.6659370064735413, 0.3580920100212097, 0.6545259952545166], "MEG 1242": [0.06989999860525131, 0.07580000162124634, 0.07090000063180923, -0.42581498622894287, 0.9028310179710388, -0.06070199981331825, -0.612621009349823, -0.23820799589157104, 0.7536259889602661, 0.6659370064735413, 0.3580920100212097, 0.6545259952545166], "MEG 1241": [0.06989999860525131, 0.07580000162124634, 0.07090000063180923, 0.612621009349823, 0.23820799589157104, -0.7536259889602661, -0.42581498622894287, 0.9028310179710388, -0.06070199981331825, 0.6659370064735413, 0.3580920100212097, 0.6545259952545166], "MEG 1312": [0.09889999777078629, 0.04039999842643738, 0.04129999876022339, 0.3430050015449524, 0.06060099974274635, -0.9374139904975891, -0.16240300238132477, 0.9867150187492371, 0.00430000014603138, 0.9252219796180725, 0.15076400339603424, 0.34828999638557434], "MEG 1313": [0.09889999777078629, 0.04039999842643738, 0.04129999876022339, -0.16240300238132477, 0.9867150187492371, 0.00430000014603138, -0.3430050015449524, -0.06060099974274635, 0.9374139904975891, 0.9252219796180725, 0.15076400339603424, 0.34828999638557434], "MEG 1311": [0.09889999777078629, 0.04039999842643738, 0.04129999876022339, 0.3430050015449524, 0.06060099974274635, -0.9374139904975891, -0.16240300238132477, 0.9867150187492371, 0.00430000014603138, 0.9252219796180725, 0.15076400339603424, 0.34828999638557434], "MEG 1323": [0.10740000009536743, 0.03290000185370445, 0.008100000210106373, 0.06259799748659134, 0.01140000019222498, -0.9979739785194397, -0.1295969933271408, 0.9915739893913269, 0.0031999999191612005, 0.9896010160446167, 0.12913399934768677, 0.0635479986667633], "MEG 1322": [0.10740000009536743, 0.03290000185370445, 0.008100000210106373, -0.1295969933271408, 0.9915739893913269, 0.0031999999191612005, -0.06259799748659134, -0.01140000019222498, 0.9979739785194397, 0.9896010160446167, 0.12913399934768677, 0.0635479986667633], "MEG 1321": [0.10740000009536743, 0.03290000185370445, 0.008100000210106373, 0.06259799748659134, 0.01140000019222498, -0.9979739785194397, -0.1295969933271408, 0.9915739893913269, 0.0031999999191612005, 0.9896010160446167, 0.12913399934768677, 0.0635479986667633], "MEG 1333": [0.10830000042915344, -0.0010999999940395355, 0.006800000090152025, 0.05090000107884407, -0.002300000051036477, -0.9987009763717651, 0.060100000351667404, 0.9982010126113892, 0.0007999999797903001, 0.9969030022621155, -0.06006300076842308, 0.050946999341249466], "MEG 1332": [0.10830000042915344, -0.0010999999940395355, 0.006800000090152025, 0.060100000351667404, 0.9982010126113892, 0.0007999999797903001, -0.05090000107884407, 0.002300000051036477, 0.9987009763717651, 0.9969030022621155, -0.06006300076842308, 0.050946999341249466], "MEG 1331": [0.10830000042915344, -0.0010999999940395355, 0.006800000090152025, 0.05090000107884407, -0.002300000051036477, -0.9987009763717651, 0.060100000351667404, 0.9982010126113892, 0.0007999999797903001, 0.9969030022621155, -0.06006300076842308, 0.050946999341249466], "MEG 1342": [0.10100000351667404, 0.004399999976158142, 0.04100000113248825, 0.35300400853157043, 0.007799999788403511, -0.9356110095977783, 0.03819999843835831, 0.9990119934082031, 0.022700000554323196, 0.9348639845848083, -0.04375400021672249, 0.35235801339149475], "MEG 1343": [0.10100000351667404, 0.004399999976158142, 0.04100000113248825, 0.03819999843835831, 0.9990119934082031, 0.022700000554323196, -0.35300400853157043, -0.007799999788403511, 0.9356110095977783, 0.9348639845848083, -0.04375400021672249, 0.35235801339149475], "MEG 1341": [0.10100000351667404, 0.004399999976158142, 0.04100000113248825, 0.35300400853157043, 0.007799999788403511, -0.9356110