name,coil_type,x,y,z,ex_x,ex_y,ex_z,ey_x,ey_y,ey_z,ez_x,ez_y,ez_z
MLC11-2908,5001,-0.011208,0.066410,0.077882,0.743336,0.622237,-0.245505,-0.667660,0.667660,-0.329333,-0.041010,0.408719,0.911738
MLC12-2908,5001,-0.029377,0.055086,0.080087,0.729741,0.677331,-0.093276,-0.657139,0.657139,-0.369237,-0.188801,0.330743,0.924642
MLC13-2908,5001,-0.048940,0.046761,0.077050,0.688131,0.724149,0.045643,-0.617483,0.617483,-0.487266,-0.381037,0.307119,0.872060
MLC14-2908,5001,-0.067813,0.034319,0.070854,0.601464,0.782830,0.159432,-0.550976,0.550976,-0.626779,-0.578504,0.289142,0.762712
MLC15-2908,5001,-0.082364,0.020713,0.063230,0.533681,0.812381,0.234992,-0.541801,0.541801,-0.642575,-0.649335,0.215611,0.729298
MLC16-2908,5001,-0.092564,0.003996,0.054394,0.403172,0.893518,0.197680,-0.350223,0.350223,-0.868728,-0.845456,0.281015,0.454130
MLC17-2908,5001,-0.096570,-0.014194,0.040090,-0.003109,0.956971,0.290167,-0.277911,0.277911,-0.919528,-0.960602,-0.083500,0.265088
MLC21-2908,5001,-0.032417,0.034322,0.086215,0.717531,0.695245,-0.042239,-0.662502,0.662502,-0.349544,-0.215035,0.278792,0.935967
MLC22-2908,5001,-0.051732,0.026067,0.082439,0.675389,0.733158,0.079556,-0.629033,0.629033,-0.456764,-0.384924,0.258450,0.886023
MLC23-2908,5001,-0.067840,0.013360,0.076709,0.563376,0.790899,0.238928,-0.586532,0.586532,-0.558534,-0.581883,0.174526,0.794326
MLC24-2908,5001,-0.079776,-0.002873,0.071151,0.529676,0.819133,0.220146,-0.517863,0.517863,-0.680909,-0.671760,0.246655,0.698498
MLC25-2908,5001,-0.087963,-0.020582,0.058993,0.174408,0.881685,0.438421,-0.466124,0.466124,-0.751969,-0.867358,-0.073209,0.492270
MLC31-2908,5001,-0.060904,-0.005749,0.084315,0.578927,0.770524,0.266713,-0.630436,0.630436,-0.452882,-0.517101,0.094040,0.850742
MLC32-2908,5001,-0.075071,-0.025033,0.075763,0.287543,0.759499,0.583508,-0.613809,0.613809,-0.496464,-0.735226,-0.215408,0.642683
MLC41-2908,5001,-0.044002,0.007164,0.089787,0.682929,0.726113,0.079799,-0.660409,0.660409,-0.357379,-0.312197,0.191364,0.930544
MLC42-2908,5001,-0.056644,-0.026691,0.087498,0.557638,0.744418,0.367263,-0.665390,0.665390,-0.338398,-0.496283,-0.055670,0.866374
MLC51-2908,5001,-0.011435,0.031052,0.090011,0.722355,0.669679,-0.172431,-0.691165,0.691165,-0.211144,-0.022220,0.271699,0.962126
MLC52-2908,5001,-0.023376,0.013224,0.093206,0.715985,0.695845,-0.056258,-0.685486,0.685486,-0.245396,-0.132194,0.214264,0.967789
MLC53-2908,5001,-0.040660,-0.013765,0.093858,0.671713,0.726636,0.144226,-0.682786,0.682786,-0.260013,-0.287411,0.076179,0.954773
MLC54-2908,5001,-0.038874,-0.036784,0.093824,0.646942,0.697631,0.307860,-0.702363,0.702363,-0.115643,-0.296906,-0.141415,0.944378
MLC55-2908,5001,-0.028816,-0.055651,0.091562,0.682008,0.607198,0.407647,-0.701228,0.701228,0.128686,-0.207716,-0.373618,0.904027
MLC61-2908,5001,-0.012099,-0.004949,0.098104,0.712023,0.699775,-0.057769,-0.699292,0.699292,-0.148264,-0.063354,0.145965,0.987259
MLC62-2908,5001,-0.022103,-0.023945,0.098446,0.695601,0.711169,0.101876,-0.703014,0.703014,-0.107431,-0.148022,0.003108,0.988979
MLC63-2908,5001,-0.011664,-0.043691,0.097812,0.703955,0.676273,0.217030,-0.704248,0.704248,0.089825,-0.092096,-0.216076,0.972023
MLF11-2908,5001,-0.022705,0.122754,-0.011827,0.008482,-0.037437,0.999263,0.975282,0.220963,0.000000,-0.220800,0.974563,0.038386
MLF12-2908,5001,-0.044133,0.114956,-0.014163,0.018254,-0.037141,0.999143,0.897468,0.441080,-0.000000,-0.440702,0.896699,0.041384
MLF13-2908,5001,-0.062963,0.103760,-0.019639,0.021224,-0.026165,0.999432,0.776627,0.629960,0.000000,-0.629603,0.776186,0.033691
MLF14-2908,5001,-0.077271,0.088796,-0.029188,0.567604,0.823290,0.004394,-0.017179,0.017179,-0.999705,-0.823122,0.567361,0.023895
MLF21-2908,5001,-0.011130,0.123530,0.008045,0.018101,-0.116223,0.993058,0.988088,0.153888,0.000000,-0.152820,0.981229,0.117624
MLF22-2908,5001,-0.032287,0.118529,0.007357,0.031005,-0.090696,0.995396,0.946236,0.323477,-0.000000,-0.321987,0.941880,0.095849
MLF23-2908,5001,-0.051554,0.110706,0.005185,0.042070,-0.092831,0.994793,0.910831,0.412779,0.000000,-0.410629,0.906088,0.101919
MLF24-2908,5001,-0.069633,0.096620,-0.000027,0.621735,0.783215,0.004415,-0.027322,0.027322,-0.999253,-0.782751,0.621150,0.038386
MLF25-2908,5001,-0.081194,0.080834,-0.009116,0.484433,0.874771,0.009997,-0.025596,0.025596,-0.999345,-0.874454,0.483860,0.034790
MLF31-2908,5001,-0.022015,0.116028,0.026819,0.077204,-0.323745,0.942989,0.972723,0.231969,0.000000,-0.218744,0.917268,0.332823
MLF32-2908,5001,-0.042654,0.110024,0.024991,0.088634,-0.226299,0.970017,0.931128,0.364692,-0.000000,-0.353757,0.903210,0.243038
MLF33-2908,5001,-0.062415,0.098330,0.021643,0.672218,0.740220,0.014044,-0.198240,0.198240,-0.959897,-0.713319,0.642476,0.280002
MLF34-2908,5001,-0.077044,0.084038,0.015639,0.527636,0.849052,0.026646,-0.082337,0.082337,-0.993197,-0.845471,0.521853,0.113352
MLF35-2908,5001,-0.086906,0.067075,0.006730,0.386420,0.922140,0.018355,-0.034221,0.034221,-0.998828,-0.921688,0.385339,0.044781
MLF41-2908,5001,-0.011232,0.108701,0.044777,0.882204,0.322184,-0.343386,-0.463253,0.463253,-0.755508,-0.084338,0.825587,0.557936
MLF42-2908,5001,-0.032245,0.104991,0.043754,0.108835,-0.440345,0.891208,0.970788,0.239938,0.000000,-0.213835,0.865174,0.453595
MLF43-2908,5001,-0.053297,0.095596,0.041187,0.735078,0.677493,-0.025741,-0.377837,0.377837,-0.845268,-0.562938,0.631064,0.533722
MLF44-2908,5001,-0.069267,0.082604,0.036899,0.677470,0.735190,0.023018,-0.347361,0.347361,-0.871023,-0.648363,0.582096,0.490703
MLF45-2908,5001,-0.083808,0.067219,0.027785,0.384500,0.922034,0.044859,-0.082879,0.082879,-0.993107,-0.919397,0.378132,0.108284
MLF46-2908,5001,-0.093823,0.048079,0.015099,0.373401,0.926998,0.035308,-0.063521,0.063521,-0.995957,-0.925493,0.369648,0.082603
MLF51-2908,5001,-0.018784,0.095732,0.060421,-0.833516,0.408180,-0.372344,-0.550074,-0.550074,0.628360,0.051667,0.728565,0.683025
MLF52-2908,5001,-0.041118,0.088868,0.057897,0.746778,0.661714,-0.066765,-0.525350,0.525350,-0.669340,-0.407836,0.534923,0.739951
MLF53-2908,5001,-0.059693,0.077472,0.054734,0.708729,0.705479,-0.001793,-0.434878,0.434878,-0.788519,-0.555504,0.559626,0.615008
MLF54-2908,5001,-0.075239,0.063624,0.048374,0.554720,0.822700,0.124302,-0.387848,0.387848,-0.836150,-0.736111,0.415619,0.534230
MLF55-2908,5001,-0.089372,0.047617,0.035964,0.340799,0.933982,0.107398,-0.175395,0.175395,-0.968748,-0.923630,0.311312,0.223590
MLF56-2908,5001,-0.099481,0.028884,0.022275,0.332558,0.938980,0.087874,-0.141956,0.141956,-0.979641,-0.932338,0.313314,0.180502
MLF61-2908,5001,-0.028458,0.076933,0.070371,0.761381,0.627656,-0.162314,-0.610989,0.610989,-0.503374,-0.216774,0.482432,0.848687
MLF62-2908,5001,-0.047469,0.067259,0.069356,0.719648,0.693869,-0.025544,-0.575577,0.575577,-0.580880,-0.388352,0.432732,0.813588
MLF63-2908,5001,-0.064553,0.054999,0.064702,0.609708,0.781552,0.132032,-0.520299,0.520299,-0.677184,-0.597951,0.344188,0.723871
MLF64-2908,5001,-0.079979,0.043008,0.055827,0.551510,0.816324,0.171615,-0.477761,0.477761,-0.737218,-0.683799,0.324592,0.653497
MLF65-2908,5001,-0.092819,0.028530,0.044594,0.295052,0.944563,0.144031,-0.211591,0.211591,-0.954179,-0.931758,0.251057,0.262292
MLF66-2908,5001,-0.100203,0.011587,0.034519,0.257662,0.960388,0.106137,-0.147704,0.147704,-0.977940,-0.954879,0.236302,0.179911
MLF67-2908,5001,-0.102216,-0.006903,0.020993,-0.130232,0.979777,0.151911,-0.134362,0.134362,-0.981781,-0.982337,-0.148270,0.114147
MLO11-2908,5001,-0.024392,-0.119634,0.012453,0.894208,-0.257912,0.365887,-0.289701,0.289701,0.912221,-0.341270,-0.921713,0.184336
MLO12-2908,5001,-0.045449,-0.111755,0.011273,0.863413,-0.280733,0.419173,-0.325294,0.325294,0.887900,-0.385617,-0.902980,0.189543
MLO13-2908,5001,-0.064929,-0.100633,0.010431,0.624551,-0.348592,0.698871,-0.503862,0.503862,0.701603,-0.596707,-0.790321,0.139045
MLO14-2908,5001,-0.081135,-0.084405,0.009359,-0.503581,0.738460,0.448424,-0.321549,0.321549,-0.890625,-0.801881,-0.592692,0.075525
MLO21-2908,5001,-0.013696,-0.125487,-0.005972,0.948823,-0.273794,0.157388,-0.126649,0.126649,0.983829,-0.289300,-0.953413,0.085492
MLO22-2908,5001,-0.035130,-0.119321,-0.006366,0.936246,-0.291128,0.196690,-0.156290,0.156290,0.975268,-0.314668,-0.943832,0.100825
MLO23-2908,5001,-0.055906,-0.109384,-0.007892,0.837361,-0.514661,0.184256,-0.133819,0.133819,0.981929,-0.530018,-0.846886,0.043183
MLO24-2908,5001,-0.073622,-0.094978,-0.008874,-0.301297,0.350044,0.886955,-0.627545,0.627545,-0.460842,-0.717919,-0.695454,0.030591
MLO31-2908,5001,-0.024211,-0.123787,-0.025258,0.978605,-0.198976,0.052348,-0.044366,0.044366,0.998030,-0.200906,-0.979000,0.034589
MLO32-2908,5001,-0.045569,-0.116320,-0.026256,0.902720,-0.420101,0.092797,-0.069808,0.069808,0.995115,-0.424527,-0.904788,0.033691
MLO33-2908,5001,-0.064939,-0.103990,-0.027053,0.763161,-0.598448,0.243815,-0.173584,0.173584,0.969400,-0.622458,-0.782131,0.028592
MLO34-2908,5001,-0.081017,-0.087333,-0.027829,-0.596692,0.774572,0.209753,-0.149505,0.149505,-0.977393,-0.788420,-0.614562,0.026594
MLO41-2908,5001,-0.013079,-0.126450,-0.043905,0.994436,-0.101069,0.029689,-0.027081,0.027081,0.999266,-0.101799,-0.994511,0.024193
MLO43-2908,5001,-0.055487,-0.111607,-0.045616,0.852694,-0.517132,0.074081,-0.053923,0.053923,0.997088,-0.519620,-0.854206,0.018095
MLO44-2908,5001,-0.073184,-0.097132,-0.045996,0.017242,0.016832,0.999710,-0.707107,0.707107,0.000290,-0.706897,-0.706906,0.024094
MLO51-2908,5001,-0.023718,-0.125233,-0.063684,0.979133,-0.200080,0.035593,-0.030156,0.030156,0.999090,-0.200971,-0.979315,0.023493
MLO52-2908,5001,-0.045502,-0.117991,-0.064595,0.901478,-0.426591,0.073194,-0.054946,0.054946,0.996976,-0.429323,-0.902774,0.026093
MLO53-2908,5001,-0.064853,-0.105377,-0.064596,0.786142,-0.615930,0.051104,-0.036401,0.036401,0.998674,-0.616973,-0.786960,0.006196
MLP11-2908,5001,-0.018929,-0.073308,0.084049,0.746148,0.462908,0.478518,-0.652278,0.652278,0.386090,-0.133402,-0.600207,0.788641
MLP12-2908,5001,-0.049664,-0.053413,0.085509,0.573265,0.617195,0.538923,-0.705935,0.705935,-0.057544,-0.415961,-0.347457,0.840387
MLP21-2908,5001,-0.011677,-0.089204,0.070955,0.815148,0.330996,0.475369,-0.573795,0.573795,0.584396,-0.079332,-0.749134,0.657651
MLP22-2908,5001,-0.040547,-0.071975,0.079113,0.670854,0.431023,0.603469,-0.680738,0.680738,0.270540,-0.294195,-0.592297,0.750089
MLP23-2908,5001,-0.067529,-0.044764,0.076966,0.403520,0.703163,0.585435,-0.664900,0.664900,-0.340316,-0.628553,-0.251932,0.735834
MLP31-2908,5001,-0.021235,-0.100425,0.054812,0.834719,0.168106,0.524389,-0.525879,0.525879,0.668507,-0.163385,-0.833781,0.527365
MLP32-2908,5001,-0.037154,-0.088352,0.065204,0.738150,0.249125,0.626954,-0.619174,0.619174,0.482957,-0.267877,-0.744688,0.611295
MLP33-2908,5001,-0.057757,-0.077809,0.065933,0.624852,0.217816,0.749744,-0.660136,0.660136,0.358388,-0.416870,-0.718872,0.556275
MLP34-2908,5001,-0.073824,-0.060710,0.064262,0.281260,0.722119,0.632010,-0.634160,0.634160,-0.442360,-0.720232,-0.276377,0.636303
MLP35-2908,5001,-0.082736,-0.041055,0.062032,0.195971,0.800505,0.566380,-0.564398,0.564398,-0.602419,-0.801904,-0.201607,0.562410
MLP41-2908,5001,-0.042864,-0.100096,0.046816,0.650636,-0.012914,0.759280,-0.601522,0.601522,0.525683,-0.463512,-0.798752,0.383604
MLP42-2908,5001,-0.060172,-0.088991,0.047264,0.543324,0.120314,0.830857,-0.665307,0.665307,0.338724,-0.512021,-0.736812,0.441523
MLP43-2908,5001,-0.076698,-0.075775,0.046621,0.324163,0.160597,0.932270,-0.701727,0.701727,0.123118,-0.634427,-0.694109,0.340169
MLP44-2908,5001,-0.087500,-0.055436,0.046511,-0.033571,0.800187,0.598811,-0.503879,0.503879,-0.701579,-0.863122,-0.325281,0.386281
MLP45-2908,5001,-0.093245,-0.035021,0.044109,0.007045,0.920117,0.391581,-0.366690,0.366690,-0.855031,-0.930317,-0.137565,0.339981
MLP51-2908,5001,-0.011560,-0.113945,0.033368,0.890312,0.200860,0.408657,-0.454247,0.454247,0.766367,-0.031698,-0.867937,0.495662
MLP52-2908,5001,-0.034393,-0.110633,0.029456,0.827846,-0.155430,0.538992,-0.433228,0.433228,0.790333,-0.356348,-0.887781,0.291310
MLP53-2908,5001,-0.053985,-0.101907,0.029148,0.734426,-0.147622,0.662439,-0.514826,0.514826,0.685499,-0.442236,-0.844489,0.302102
MLP54-2908,5001,-0.072027,-0.088976,0.028737,0.231537,0.128805,0.964261,-0.705109,0.705109,0.075123,-0.670233,-0.697303,0.254080
MLP55-2908,5001,-0.085970,-0.072454,0.027045,-0.235531,0.619080,0.749177,-0.550376,0.550376,-0.627832,-0.801007,-0.560202,0.211096
MLP56-2908,5001,-0.095507,-0.050760,0.026954,-0.096858,0.941416,0.323038,-0.284781,0.284781,-0.915314,-0.953687,-0.180651,0.240514
MLP57-2908,5001,-0.099463,-0.029585,0.024461,-0.075580,0.966400,0.245679,-0.223674,0.223674,-0.948652,-0.971729,-0.126651,0.199253
MLT11-2908,5001,-0.093765,0.051373,-0.006429,0.363348,0.931508,0.016463,-0.028951,0.028951,-0.999161,-0.931203,0.362567,0.037488
MLT12-2908,5001,-0.100429,0.031577,0.000644,0.261402,0.965043,0.018999,-0.026981,0.026981,-0.999272,-0.964853,0.260699,0.033091
MLT13-2908,5001,-0.103039,0.011239,0.007787,0.023929,0.999262,0.030047,-0.030777,0.030777,-0.999052,-0.999240,0.022981,0.031491
MLT14-2908,5001,-0.103141,-0.020282,0.004786,-0.075984,0.996410,0.037319,-0.034757,0.034757,-0.998791,-0.996503,-0.077189,0.031992
MLT15-2908,5001,-0.103844,-0.043082,0.007283,-0.089198,0.993221,0.074533,-0.068534,0.068534,-0.995292,-0.993653,-0.093886,0.061956
MLT16-2908,5001,-0.093394,-0.065798,0.008142,-0.489703,0.812834,0.315422,-0.229097,0.229097,-0.946060,-0.841252,-0.535551,0.074028
MLT21-2908,5001,-0.088960,0.065359,-0.022138,0.387532,0.921746,0.014286,-0.026723,0.026723,-0.999286,-0.921469,0.386873,0.034988
MLT22-2908,5001,-0.099924,0.036102,-0.020733,0.292346,0.956227,0.012816,-0.019297,0.019297,-0.999628,-0.956118,0.291990,0.024094
MLT23-2908,5001,-0.105322,0.015303,-0.013509,0.066407,0.997584,0.020397,-0.021894,0.021894,-0.999521,-0.997552,0.065929,0.023295
MLT24-2908,5001,-0.110085,-0.006969,-0.012004,-0.044357,0.998410,0.034786,-0.033322,0.033322,-0.998889,-0.998460,-0.045467,0.031791
MLT25-2908,5001,-0.111724,-0.034670,-0.012174,-0.120660,0.991887,0.040009,-0.035915,0.035915,-0.998709,-0.992044,-0.121941,0.031290
MLT26-2908,5001,-0.105860,-0.057569,-0.011126,-0.295524,0.953721,0.055515,-0.044351,0.044351,-0.998031,-0.954305,-0.297405,0.029192
MLT27-2908,5001,-0.087454,-0.076305,-0.009869,-0.499893,0.858228,0.116411,-0.085092,0.085092,-0.992733,-0.861897,-0.506166,0.030491
MLT31-2908,5001,-0.086565,0.072712,-0.042128,0.423763,0.905729,0.008919,-0.018499,0.018499,-0.999658,-0.905584,0.423453,0.024594
MLT32-2908,5001,-0.095247,0.050313,-0.036547,0.351329,0.936200,0.009858,-0.016850,0.016850,-0.999716,-0.936101,0.351063,0.021694
MLT33-2908,5001,-0.105574,0.020054,-0.034610,0.109708,0.993823,0.016747,-0.018935,0.018935,-0.999641,-0.993784,0.109351,0.020895
MLT34-2908,5001,-0.111995,-0.002371,-0.033131,-0.028905,0.999166,0.028835,-0.028026,0.028026,-0.999214,-0.999189,-0.029690,0.027192
MLT35-2908,5001,-0.112341,-0.024551,-0.031570,-0.084516,0.996032,0.027869,-0.025774,0.025774,-0.999335,-0.996089,-0.085178,0.023493
MLT36-2908,5001,-0.110440,-0.047362,-0.030314,-0.207341,0.977559,0.037255,-0.031411,0.031411,-0.999013,-0.977764,-0.208306,0.024193
MLT37-2908,5001,-0.097059,-0.069486,-0.028817,-0.407688,0.910963,0.062749,-0.047479,0.047479,-0.997743,-0.911886,-0.409747,0.023895
MLT41-2908,5001,-0.093559,0.057201,-0.056780,0.372231,0.928085,0.010089,-0.018145,0.018145,-0.999671,-0.927963,0.371925,0.023595
MLT42-2908,5001,-0.101203,0.034577,-0.050707,0.255740,0.966707,0.008665,-0.012185,0.012185,-0.999852,-0.966669,0.255596,0.014896
MLT43-2908,5001,-0.111850,0.007951,-0.052633,0.018857,0.999548,0.023408,-0.023855,0.023855,-0.999431,-0.999538,0.018288,0.024294
MLT44-2908,5001,-0.112593,-0.014470,-0.051328,-0.051924,0.998296,0.026644,-0.025354,0.025354,-0.999357,-0.998329,-0.052567,0.023994
MLT45-2908,5001,-0.112651,-0.037243,-0.049600,-0.143028,0.989111,0.034682,-0.030605,0.030605,-0.999063,-0.989245,-0.143956,0.025894
MLT46-2908,5001,-0.106215,-0.060763,-0.047701,-0.311520,0.949129,0.045921,-0.036378,0.036378,-0.998676,-0.949543,-0.312778,0.023195
MLT47-2908,5001,-0.087363,-0.078825,-0.046652,-0.522407,0.847056,0.097913,-0.071135,0.071135,-0.994927,-0.849724,-0.526722,0.023094
MLT51-2908,5001,-0.099783,0.041018,-0.071286,0.318903,0.947708,0.012264,-0.019496,0.019496,-0.999620,-0.947587,0.318543,0.024694
MLT52-2908,5001,-0.108607,0.019280,-0.071673,0.105856,0.994228,0.017446,-0.019630,0.019630,-0.999615,-0.994188,0.105472,0.021595
MLT53-2908,5001,-0.114107,-0.004067,-0.070696,-0.030863,0.999242,0.023728,-0.023023,0.023023,-0.999470,-0.999258,-0.031392,0.022295
MLT54-2908,5001,-0.113958,-0.027438,-0.069073,-0.097438,0.994830,0.028615,-0.026180,0.026180,-0.999314,-0.994897,-0.098120,0.023493
MLT55-2908,5001,-0.110860,-0.050957,-0.066985,-0.226717,0.972918,0.045067,-0.037514,0.037514,-0.998592,-0.973238,-0.228088,0.027993
MLT56-2908,5001,-0.095797,-0.071214,-0.065621,-0.462709,0.879551,-0.110864,0.082037,-0.082037,-0.993247,-0.882706,-0.468679,-0.034197
MLT57-2908,5001,-0.081002,-0.089156,-0.064514,-0.608506,0.760015,0.228249,-0.162331,0.162331,-0.973292,-0.776768,-0.629306,0.024594
MRC11-2908,5001,0.010341,0.066393,0.077892,-0.742366,0.621248,-0.250887,-0.669191,-0.669191,0.323060,0.032809,0.407720,0.912517
MRC12-2908,5001,0.028437,0.054951,0.080455,-0.729998,0.676716,-0.095700,-0.657954,-0.657954,0.366322,0.184930,0.330380,0.925554
MRC13-2908,5001,0.048202,0.046792,0.077412,-0.688917,0.723477,0.044440,-0.619605,-0.619605,0.481850,0.376143,0.304419,0.875126
MRC14-2908,5001,0.067189,0.034233,0.071486,-0.602577,0.781493,0.161770,-0.557001,-0.557001,0.616036,0.571534,0.281103,0.770928
MRC15-2908,5001,0.081766,0.020674,0.063810,-0.537650,0.809339,0.236437,-0.548786,-0.548786,0.630609,0.640130,0.209293,0.739209
MRC16-2908,5001,0.092193,0.004191,0.054676,-0.379259,0.896191,0.230224,-0.376848,-0.376848,0.846151,0.845073,0.234151,0.480651
MRC17-2908,5001,0.096832,-0.014320,0.040723,-0.007637,0.953382,0.301670,-0.290761,-0.290761,0.911546,0.956765,-0.080752,0.279427
MRC21-2908,5001,0.031324,0.034254,0.086630,-0.717752,0.694875,-0.044507,-0.664569,-0.664569,0.341607,0.207796,0.274767,0.938789
MRC22-2908,5001,0.050816,0.025968,0.082959,-0.676836,0.731961,0.078267,-0.632954,-0.632954,0.445800,0.375847,0.252194,0.891704
MRC23-2908,5001,0.067334,0.013190,0.077412,-0.569053,0.786991,0.238377,-0.593823,-0.593823,0.542908,0.568817,0.167389,0.805250
MRC24-2908,5001,0.079323,-0.002978,0.071889,-0.517446,0.821227,0.240491,-0.527368,-0.527368,0.666158,0.673894,0.217874,0.705973
MRC25-2908,5001,0.087806,-0.020786,0.059661,-0.164636,0.873689,0.457779,-0.476781,-0.476781,0.738485,0.863467,-0.096679,0.495054
MRC31-2908,5001,0.060073,-0.005917,0.084980,-0.584060,0.767833,0.263261,-0.634070,-0.634070,0.442619,0.506783,0.091590,0.857194
MRC32-2908,5001,0.074618,-0.025370,0.076396,-0.284287,0.756316,0.589209,-0.615248,-0.615248,0.492889,0.735289,-0.222388,0.640229
MRC41-2908,5001,0.042975,0.007147,0.090296,-0.685764,0.724010,0.074419,-0.664585,-0.664585,0.341545,0.296740,0.184761,0.936915
MRC42-2908,5001,0.055779,-0.026876,0.088250,-0.563809,0.741895,0.362921,-0.668035,-0.668035,0.327807,0.485642,-0.057623,0.872256
MRC51-2908,5001,0.010425,0.031116,0.090196,-0.724089,0.672761,-0.151945,-0.687758,-0.687758,0.232329,0.051800,0.272729,0.960695
MRC52-2908,5001,0.022299,0.013124,0.093501,-0.715646,0.696292,-0.055038,-0.686211,-0.686211,0.241304,0.130250,0.210456,0.968888
MRC53-2908,5001,0.039471,-0.013776,0.094389,-0.675743,0.724276,0.137101,-0.685944,-0.685944,0.242823,0.269914,0.070042,0.960334
MRC54-2908,5001,0.037598,-0.037086,0.094298,-0.656835,0.694918,0.292671,-0.704133,-0.704133,0.091623,0.269749,-0.145898,0.951814
MRC55-2908,5001,0.027395,-0.055851,0.091853,-0.687233,0.603833,0.403852,-0.699686,-0.699686,-0.144492,0.195321,-0.381869,0.903341
MRC61-2908,5001,0.010853,-0.004882,0.098207,-0.711656,0.700467,-0.053779,-0.699576,-0.699576,0.145553,0.064333,0.141206,0.987888
MRC62-2908,5001,0.020770,-0.024184,0.098723,-0.696161,0.710738,0.101051,-0.703457,-0.703457,0.101472,0.143205,-0.000444,0.989693
MRC63-2908,5001,0.010206,-0.043833,0.097924,-0.706192,0.677004,0.207262,-0.703627,-0.703627,-0.099089,0.078751,-0.215811,0.973254
MRF11-2908,5001,0.022361,0.122623,-0.011720,-0.011000,-0.049774,0.998700,0.976440,-0.215787,-0.000000,0.215506,0.975171,0.050975
MRF12-2908,5001,0.043653,0.115192,-0.014223,-0.020099,-0.041021,0.998956,0.897998,-0.440000,0.000000,0.439541,0.897060,0.045680
MRF13-2908,5001,0.062590,0.103666,-0.019576,-0.023721,-0.029285,0.999290,0.777070,-0.629414,-0.000000,0.628967,0.776518,0.037687
MRF14-2908,5001,0.076701,0.088802,-0.029145,-0.562601,0.826701,0.006827,-0.025832,-0.025832,0.999332,0.826325,0.562049,0.035888
MRF21-2908,5001,0.010810,0.123556,0.008226,-0.021054,-0.127307,0.991640,0.986599,-0.163166,0.000000,0.161802,0.978351,0.129036
MRF22-2908,5001,0.031990,0.118700,0.007460,-0.036818,-0.104682,0.993824,0.943354,-0.331787,0.000000,0.329738,0.937528,0.110968
MRF23-2908,5001,0.051309,0.110756,0.005283,-0.039952,-0.088111,0.995309,0.910751,-0.412957,0.000000,0.411019,0.906478,0.096746
MRF24-2908,5001,0.069428,0.096874,0.000101,-0.618428,0.785822,0.005511,-0.032886,-0.032886,0.998918,0.785153,0.617577,0.046181
MRF25-2908,5001,0.080844,0.080975,-0.008995,-0.483733,0.875159,0.009970,-0.025454,-0.025454,0.999352,0.874845,0.483166,0.034589
MRF31-2908,5001,0.021504,0.116122,0.026968,-0.078272,-0.325913,0.942154,0.972352,-0.233522,-0.000000,0.220013,0.916105,0.335180
MRF32-2908,5001,0.042166,0.110153,0.025103,-0.092084,-0.229416,0.968963,0.928033,-0.372497,0.000000,0.360936,0.899230,0.247207
MRF33-2908,5001,0.062165,0.098843,0.021837,-0.683885,0.729525,0.009710,-0.203735,-0.203735,0.957593,0.700567,0.652905,0.287961
MRF34-2908,5001,0.076819,0.084160,0.015721,-0.533551,0.845322,0.027457,-0.087392,-0.087392,0.992333,0.841241,0.527061,0.120502
MRF35-2908,5001,0.086639,0.067054,0.006727,-0.389072,0.920912,0.023335,-0.043791,-0.043791,0.998081,0.920166,0.387303,0.057365
MRF41-2908,5001,0.010516,0.108015,0.044551,-0.881617,0.321469,-0.345555,-0.464856,-0.464856,0.753536,0.081605,0.824964,0.559262
MRF42-2908,5001,0.031630,0.105015,0.043922,-0.108995,-0.446170,0.888286,0.971433,-0.237313,-0.000000,0.210802,0.862911,0.459290
MRF43-2908,5001,0.052730,0.095988,0.041538,-0.739909,0.672000,-0.030815,-0.381899,-0.381899,0.841609,0.553793,0.634483,0.539207
MRF44-2908,5001,0.069194,0.082857,0.037181,-0.670526,0.741384,0.027306,-0.338374,-0.338374,0.878069,0.660226,0.579529,0.477754
MRF45-2908,5001,0.083560,0.067507,0.027899,-0.383573,0.922004,0.052733,-0.097012,-0.097012,0.990544,0.918401,0.374830,0.126656
MRF46-2908,5001,0.093603,0.047987,0.015130,-0.377266,0.925324,0.038038,-0.069073,-0.069073,0.995217,0.923526,0.372834,0.089974
MRF51-2908,5001,0.018120,0.095576,0.060442,0.833956,0.410568,-0.368715,-0.548941,0.548941,-0.630339,-0.056395,0.728078,0.683171
MRF52-2908,5001,0.040493,0.088920,0.058271,-0.748925,0.658920,-0.070257,-0.524059,-0.524059,0.671360,0.405554,0.539617,0.737794
MRF53-2908,5001,0.058638,0.077332,0.054447,-0.707805,0.706407,-0.000778,-0.437104,-0.437104,0.786054,0.554934,0.556713,0.618157
MRF54-2908,5001,0.074815,0.063707,0.048689,-0.550972,0.824352,0.129897,-0.394383,-0.394383,0.830014,0.735453,0.406086,0.542405
MRF55-2908,5001,0.089444,0.047855,0.036387,-0.341363,0.933137,0.112813,-0.184064,-0.184064,0.965526,0.921733,0.308830,0.234589
MRF56-2908,5001,0.099400,0.028933,0.022453,-0.315579,0.944364,0.092669,-0.144277,-0.144277,0.978963,0.937867,0.295570,0.181781
MRF61-2908,5001,0.027803,0.077019,0.070606,-0.765303,0.617204,-0.182675,-0.613453,-0.613453,0.497343,0.194899,0.492681,0.848104
MRF62-2908,5001,0.046761,0.067348,0.069747,-0.721502,0.691781,-0.029577,-0.576412,-0.576412,0.579222,0.383646,0.434958,0.814633
MRF63-2908,5001,0.063922,0.054927,0.065149,-0.606574,0.783023,0.137637,-0.523892,-0.523892,0.671621,0.598002,0.335281,0.727998
MRF64-2908,5001,0.079581,0.043128,0.056455,-0.548354,0.818040,0.173549,-0.475934,-0.475934,0.739577,0.687601,0.322952,0.650313
MRF65-2908,5001,0.092899,0.028728,0.044949,-0.294748,0.943213,0.153208,-0.224085,-0.224085,0.948458,0.928929,0.245224,0.277409
MRF66-2908,5001,0.100015,0.011759,0.034785,-0.243516,0.962823,0.116928,-0.158425,-0.158425,0.974578,0.956871,0.218801,0.191114
MRF67-2908,5001,0.102501,-0.007097,0.021248,0.144927,0.971961,0.185173,-0.161416,-0.161416,0.973596,0.976187,-0.170990,0.133497
MRO11-2908,5001,0.022607,-0.120268,0.012565,-0.895543,-0.259016,0.361820,-0.286507,-0.286507,-0.914236,0.340466,-0.922402,0.182369
MRO12-2908,5001,0.044087,-0.112525,0.011531,-0.847096,-0.272360,0.456343,-0.353163,-0.353163,-0.866344,0.397121,-0.895040,0.202975
MRO13-2908,5001,0.064069,-0.101476,0.010509,-0.597313,-0.326839,0.732389,-0.527617,-0.527617,-0.665764,0.604018,-0.784090,0.142707
MRO14-2908,5001,0.080754,-0.085332,0.009572,0.478414,0.708160,0.519259,-0.372115,-0.372115,0.850330,0.795393,-0.600034,0.085492
MRO21-2908,5001,0.012195,-0.125758,-0.006073,-0.945716,-0.280414,0.164286,-0.131645,-0.131645,-0.982517,0.297138,-0.950809,0.087583
MRO22-2908,5001,0.033645,-0.120049,-0.006316,-0.934204,-0.301335,0.190944,-0.150980,-0.150980,-0.976939,0.323214,-0.941490,0.095550
MRO23-2908,5001,0.054877,-0.110310,-0.007867,-0.834518,-0.514660,0.196736,-0.142814,-0.142814,-0.979392,0.532150,-0.845417,0.045680
MRO24-2908,5001,0.073000,-0.095932,-0.008849,0.246224,0.304249,0.920221,-0.651243,-0.651243,0.389571,0.717814,-0.695209,0.037788
MRO31-2908,5001,0.022453,-0.124210,-0.025280,-0.979236,-0.193995,0.058845,-0.050030,-0.050030,-0.997494,0.196453,-0.979726,0.039286
MRO32-2908,5001,0.044274,-0.117175,-0.026238,-0.903146,-0.415980,0.106247,-0.080026,-0.080026,-0.993575,0.421810,-0.905846,0.038986
MRO33-2908,5001,0.063990,-0.104937,-0.027048,-0.758885,-0.585131,0.285859,-0.203676,-0.203676,-0.957618,0.618554,-0.784945,0.035390
MRO34-2908,5001,0.080499,-0.088481,-0.027855,0.591592,0.765307,0.253623,-0.180707,-0.180707,0.966794,0.785725,-0.617779,0.031392
MRO41-2908,5001,0.011204,-0.126496,-0.043971,-0.994430,-0.099958,0.033425,-0.030514,-0.030514,-0.999068,0.100885,-0.994524,0.027294
MRO42-2908,5001,0.033464,-0.122141,-0.045027,-0.949334,-0.310966,0.045456,-0.036021,-0.036021,-0.998702,0.312199,-0.949738,0.022994
MRO43-2908,5001,0.054273,-0.112590,-0.045630,-0.848144,-0.517719,0.112334,-0.081693,-0.081693,-0.993304,0.523429,-0.851641,0.026993
MRO44-2908,5001,0.072639,-0.098178,-0.046082,-0.178822,-0.139207,0.973984,-0.688981,-0.688981,-0.224969,0.702373,-0.711285,0.027294
MRO51-2908,5001,0.021952,-0.125580,-0.063751,-0.979790,-0.196411,0.037865,-0.032159,-0.032159,-0.998965,0.197425,-0.979994,0.025193
MRO52-2908,5001,0.044042,-0.118577,-0.064627,-0.908337,-0.412038,0.071756,-0.054186,-0.054186,-0.997060,0.414715,-0.909554,0.026892
MRO53-2908,5001,0.063891,-0.106597,-0.064649,-0.778671,-0.595348,0.198071,-0.141249,-0.141249,-0.979846,0.611326,-0.790955,0.025894
MRP11-2908,5001,0.017422,-0.073486,0.084082,-0.746219,0.469557,0.471882,-0.653198,-0.653198,-0.382967,0.128408,-0.594010,0.794143
MRP12-2908,5001,0.048656,-0.053841,0.086068,-0.577640,0.616877,0.534597,-0.706156,-0.706156,0.051828,0.409481,-0.347571,0.843516
MRP21-2908,5001,0.010095,-0.089358,0.070886,-0.816009,0.335174,0.470944,-0.573309,-0.573309,-0.585349,0.073803,-0.747646,0.659983
MRP22-2908,5001,0.039207,-0.072332,0.079364,-0.669783,0.433347,0.602993,-0.681401,-0.681401,-0.267180,0.295099,-0.589833,0.751674
MRP23-2908,5001,0.066684,-0.045145,0.077672,-0.408763,0.700623,0.584842,-0.666809,-0.666809,0.332764,0.623120,-0.253956,0.739749
MRP31-2908,5001,0.019833,-0.100601,0.054941,-0.835828,0.172178,0.521293,-0.525534,-0.525534,-0.669050,0.158762,-0.833168,0.529742
MRP32-2908,5001,0.035748,-0.088759,0.065341,-0.748307,0.247528,0.615440,-0.612898,-0.612898,-0.498711,0.253757,-0.750390,0.610346
MRP33-2908,5001,0.056560,-0.078393,0.066318,-0.656115,0.198466,0.728096,-0.646160,-0.646160,-0.406147,0.389860,-0.736946,0.552196
MRP34-2908,5001,0.073180,-0.061231,0.064854,-0.289844,0.708016,0.643975,-0.642603,-0.642603,0.417281,0.709262,-0.292874,0.641227
MRP35-2908,5001,0.082295,-0.041609,0.062619,-0.195696,0.793916,0.575674,-0.569816,-0.569816,0.592132,0.798131,-0.212150,0.563897
MRP41-2908,5001,0.041437,-0.100806,0.047203,-0.620049,0.003917,0.784553,-0.618187,-0.618187,-0.485480,0.483099,-0.786022,0.385727
MRP42-2908,5001,0.059202,-0.089614,0.047509,-0.550410,0.122657,0.825836,-0.663974,-0.663974,-0.343914,0.506150,-0.737627,0.446899
MRP43-2908,5001,0.075677,-0.076720,0.046772,-0.365466,0.119340,0.923143,-0.694866,-0.694866,-0.185264,0.619351,-0.709168,0.336875
MRP44-2908,5001,0.087006,-0.056097,0.046854,0.008540,0.796493,0.604587,-0.514821,-0.514821,0.685506,0.857255,-0.317108,0.405655
MRP45-2908,5001,0.093290,-0.035314,0.044604,-0.008890,0.917193,0.398344,-0.372696,-0.372696,0.849821,0.927911,-0.140907,0.345147
MRP51-2908,5001,0.009879,-0.114009,0.033446,-0.896217,0.186444,0.402534,-0.442413,-0.442413,-0.780091,0.032643,-0.877217,0.478983
MRP52-2908,5001,0.032924,-0.111348,0.029738,-0.814395,-0.153528,0.559633,-0.447599,-0.447599,-0.774152,0.369345,-0.880957,0.295803
MRP53-2908,5001,0.052868,-0.102617,0.029524,-0.723935,-0.134835,0.676564,-0.526232,-0.526232,-0.667952,0.446093,-0.839583,0.310003
MRP54-2908,5001,0.071251,-0.089837,0.029151,-0.236210,0.136945,0.962004,-0.705232,-0.705232,-0.072769,0.668470,-0.695625,0.263161
MRP55-2908,5001,0.085892,-0.073215,0.027542,0.239289,0.581367,0.777659,-0.566716,-0.566716,0.598051,0.788399,-0.583819,0.193861
MRP56-2908,5001,0.095389,-0.051200,0.027299,0.095188,0.938628,0.331536,-0.292059,-0.292059,0.910716,0.951652,-0.183518,0.246334
MRP57-2908,5001,0.099481,-0.029930,0.024778,0.069259,0.965865,0.249615,-0.228238,-0.228238,0.946475,0.971139,-0.122523,0.204640
MRT11-2908,5001,0.093697,0.051201,-0.006247,-0.364016,0.931167,0.020511,-0.036117,-0.036117,0.998695,0.930692,0.362800,0.046779
MRT12-2908,5001,0.100341,0.031678,0.000662,-0.253479,0.967053,0.023578,-0.033006,-0.033006,0.998910,0.966777,0.252425,0.040285
MRT13-2908,5001,0.103049,0.011162,0.007893,-0.030770,0.998869,0.036238,-0.037379,-0.037379,0.998602,0.998827,0.029372,0.038487
MRT14-2908,5001,0.103725,-0.020577,0.004847,0.079355,0.995798,0.045703,-0.042432,-0.042432,0.998198,0.995943,-0.081152,0.038887
MRT15-2908,5001,0.104014,-0.043358,0.007366,0.099350,0.991464,0.084432,-0.076943,-0.076943,0.994062,0.992073,-0.105257,0.068642
MRT16-2908,5001,0.093216,-0.066758,0.008309,0.458501,0.757679,0.464434,-0.336009,-0.336009,0.879884,0.822724,-0.559482,0.100527
MRT21-2908,5001,0.088878,0.065547,-0.022055,-0.380528,0.924580,0.018732,-0.034389,-0.034389,0.998817,0.924130,0.379433,0.044882
MRT22-2908,5001,0.099853,0.036241,-0.020650,-0.290848,0.956613,0.017299,-0.025966,-0.025966,0.999326,0.956417,0.290202,0.032391
MRT23-2908,5001,0.105787,0.015303,-0.013390,-0.062257,0.997606,0.030116,-0.032165,-0.032165,0.998965,0.997542,0.061224,0.034090
MRT24-2908,5001,0.110722,-0.007219,-0.011816,0.020793,0.997560,0.066646,-0.065167,-0.065167,0.995744,0.997658,-0.025048,0.063653
MRT25-2908,5001,0.112124,-0.035159,-0.012214,0.121645,0.991465,0.046905,-0.042064,-0.042064,0.998229,0.991682,-0.123403,0.036588
MRT26-2908,5001,0.105603,-0.058254,-0.011087,0.297389,0.952487,0.065795,-0.052496,-0.052496,0.997240,0.953312,-0.300022,0.034390
MRT27-2908,5001,0.087372,-0.077299,-0.009832,0.503624,0.852330,0.141055,-0.102919,-0.102919,0.989351,0.857771,-0.512778,0.035888
MRT31-2908,5001,0.086131,0.072818,-0.042249,-0.420944,0.907001,0.012449,-0.025595,-0.025595,0.999345,0.906725,0.420349,0.033989
MRT32-2908,5001,0.095241,0.050368,-0.036549,-0.353879,0.935155,0.015971,-0.027454,-0.027454,0.999246,0.934888,0.353173,0.035390
MRT33-2908,5001,0.106180,0.020182,-0.034620,-0.112777,0.993277,0.026127,-0.029646,-0.029646,0.999121,0.993178,0.111903,0.032791
MRT34-2908,5001,0.112405,-0.002565,-0.033062,0.037516,0.998673,0.035284,-0.034012,-0.034012,0.998842,0.998717,-0.038672,0.032691
MRT35-2908,5001,0.112913,-0.024799,-0.031565,0.091382,0.995076,0.038388,-0.035289,-0.035289,0.998754,0.995190,-0.092622,0.031890
MRT36-2908,5001,0.110678,-0.048020,-0.030294,0.212996,0.975784,0.049787,-0.041808,-0.041808,0.998251,0.976158,-0.214704,0.031890
MRT37-2908,5001,0.096428,-0.069912,-0.028737,0.409758,0.907816,0.089265,-0.067441,-0.067441,0.995441,0.909698,-0.413910,0.033590
MRT41-2908,5001,0.093298,0.056969,-0.056958,-0.369983,0.928913,0.015240,-0.027246,-0.027246,0.999257,0.928639,0.369293,0.035390
MRT42-2908,5001,0.101242,0.034631,-0.050590,-0.263692,0.964431,0.018437,-0.026292,-0.026292,0.999308,0.964248,0.263025,0.032290
MRT43-2908,5001,0.112325,0.007765,-0.052528,-0.010154,0.999477,0.030690,-0.030992,-0.030992,0.999039,0.999468,0.009193,0.031290
MRT44-2908,5001,0.113131,-0.014783,-0.051290,0.059794,0.997625,0.034191,-0.032301,-0.032301,0.998956,0.997688,-0.060836,0.030293
MRT45-2908,5001,0.113167,-0.037757,-0.049622,0.149461,0.987848,0.042644,-0.037443,-0.037443,0.998597,0.988058,-0.150848,0.031392
MRT46-2908,5001,0.106019,-0.061469,-0.047705,0.315995,0.946626,0.063612,-0.050254,-0.050254,0.997471,0.947429,-0.318392,0.031692
MRT47-2908,5001,0.087186,-0.079839,-0.046796,0.521903,0.841731,0.138224,-0.100338,-0.100338,0.989881,0.847083,-0.530491,0.032091
MRT51-2908,5001,0.099809,0.041060,-0.071310,-0.316565,0.948425,0.016640,-0.026316,-0.026316,0.999307,0.948206,0.315908,0.033289
MRT52-2908,5001,0.108994,0.019259,-0.071481,-0.098627,0.994743,0.027556,-0.030721,-0.030721,0.999056,0.994650,0.097688,0.033590
MRT53-2908,5001,0.113497,-0.004365,-0.070764,0.021483,0.999347,0.029037,-0.028422,-0.028422,0.999192,0.999365,-0.022291,0.027793
MRT54-2908,5001,0.114235,-0.027734,-0.069083,0.103700,0.993901,0.037517,-0.034141,-0.034141,0.998834,0.994022,-0.104860,0.030392
MRT55-2908,5001,0.111026,-0.051512,-0.067041,0.233722,0.970970,0.050895,-0.042172,-0.042172,0.998220,0.971388,-0.235452,0.031092
MRT56-2908,5001,0.096106,-0.072424,-0.065510,0.432569,0.898347,0.076525,-0.057309,-0.057309,0.996710,0.899778,-0.435531,0.026693
MRT57-2908,5001,0.080410,-0.090250,-0.064917,0.607188,0.761019,0.228413,-0.162477,-0.162477,0.973243,0.777769,-0.628053,0.024994
MZC01-2908,5001,-0.000477,0.048986,0.084673,-0.726654,0.649979,-0.222489,-0.687002,-0.687002,0.236760,0.001039,0.324893,0.945750
MZC02-2908,5001,-0.000568,0.013081,0.095006,-0.715416,0.682435,-0.149871,-0.698698,-0.698698,0.153757,0.000214,0.214715,0.976677
MZC03-2908,5001,-0.000718,-0.024636,0.100094,0.707113,0.707099,-0.001801,-0.707096,0.707096,-0.005513,-0.002625,0.005172,0.999983
MZC04-2908,5001,-0.000702,-0.063363,0.091725,0.749012,0.582048,0.316546,-0.662526,0.662526,0.349454,-0.006321,-0.471465,0.881862
MZF01-2908,5001,-0.000162,0.125714,-0.010739,-0.000094,-0.031391,0.999507,0.999996,-0.002998,0.000000,0.002997,0.999503,0.031392
MZF02-2908,5001,-0.000213,0.119780,0.027775,0.000038,-0.371102,0.928592,1.000000,0.000101,0.000000,-0.000094,0.928592,0.371102
MZF03-2908,5001,-0.000373,0.086053,0.067277,-0.774794,0.517412,-0.363290,-0.632211,-0.632211,0.447905,0.002076,0.576710,0.816947
MZO01-2908,5001,-0.000809,-0.121116,0.015960,-0.942870,0.113995,0.313051,-0.333140,-0.333140,-0.882064,0.003739,-0.935961,0.352083
MZO02-2908,5001,-0.000849,-0.126414,-0.025369,0.999404,0.000385,0.034504,-0.034497,0.034497,0.998809,-0.000806,-0.999405,0.034490
MZO03-2908,5001,-0.000964,-0.127646,-0.062156,0.999676,-0.004178,0.025119,-0.025007,0.025007,0.999374,-0.004803,-0.999679,0.024895
MZP01-2908,5001,-0.000712,-0.105876,0.049989,0.886931,0.235489,0.397365,-0.461873,0.461873,0.757197,-0.005221,-0.855113,0.518415
